0.9586832520199973 -0.5750626459901954 0.6494174753852608 -0.1627251496689863 0.2172871634305727 0.12509800571459823 -0.2983923472721759 0.3114992470293823 -0.8144405340191582 0.37341602697213105 -1.0 -0.03869621034060689 -0.6086323549382375 -0.30703230624009054 -0.05225639185742194 -0.20461515423245866 0.38138713563515597 0.04291262907294584 0.5669466016159979 0.43520555768327684 1 0 0 0 0
0.767000782024828 -0.8630723758264089 0.45487256291517436 -0.305917233127031 -0.037268957542757046 0.14250125030096605 -0.5970437531848234 0.34475094353233426 -0.9999999999999999 0.18908847572088552 -0.7543603892470485 -0.39296483436677243 -0.2395186507741246 -0.4160605020486744 0.2749246148786741 -0.08076521465293429 0.4538614029318206 0.47851108426921496 0.6775323879982545 0.9039284061984191 1 0 0 0 0
0.7055282621524959 -0.972878879919512 0.3994131826112431 -0.47905945468391337 0.0903689044385141 0.021771284394499893 -0.38305659292632127 0.3762095896224994 -0.999022889587943 0.37700348593521843 -1.0 -0.12032159622178754 -0.431609015593356 -0.19136803652993123 0.20759559438682307 -0.04927515591364382 0.6105257052885248 0.3056830758406299 0.8002568492300208 0.732235687475937 1 0 0 0 0
0.5443868291600928 -1.0 0.2745107857253108 -0.5370751160179125 0.02334802404300068 -0.03475579726346985 -0.3624465470995738 0.2934272316669504 -0.8643733478102659 0.505780956268987 -0.8847896251334415 0.08168854130838411 -0.42133408085474516 -0.13128021753712285 0.1388316227482667 -0.03490843852595228 0.6599915970761132 0.2355125795027586 0.8918747421452438 0.6216102605973707 1 0 0 0 0
0.8693933825243984 -0.7330761422178522 0.524072692926012 -0.32720328182949115 0.1790809472364894 0.14038207264865432 -0.30796665224995395 0.4645968742975822 -0.9176812694134983 0.44507679876487755 -0.9999999999999999 -0.14399967172648737 -0.5121703570511177 -0.428381416101629 0.056186924952396695 -0.20562580487847174 0.4834467294438489 0.24158886357252532 0.6256376016314198 0.5466417074702853 1 0 0 0 0
0.5571459436876525 -1.0 0.22510535014207753 -0.5432097165261135 -0.02458933270625945 0.039580749402601076 -0.5237139785511709 0.3927341470596042 -0.9598601392886403 0.3522367853748856 -0.877475490487937 -0.2510000848605076 -0.23326201119208503 -0.25150186043012723 0.3276154947913135 0.038758065374834366 0.7023888400607664 0.6006559455367566 0.8066453235442768 0.6217459690680577 1 0 0 0 0
0.976532015444215 -0.7832533803546005 0.5963764655091969 -0.29239054057366065 0.23639066349470134 0.20388221000991674 -0.2583572624285353 0.47417183339451546 -0.8191585623762961 0.631349985113155 -1.0 0.22717759497951057 -0.7078794803299779 -0.24435686017640793 -0.1237150465862609 -0.3561746050876599 0.3702734302437483 -0.06512981061018096 0.72953777702921 0.2047235733054192 1 0 0 0 0
0.7151313134565535 -0.9516423160578248 0.4014815673805719 -0.3481112212286244 0.03966424048149852 0.25527389629813446 -0.4201841474123234 0.6668618811476545 -0.9033728837489259 0.44968061790616076 -1.0 -0.1295571710285403 -0.4691683128920956 -0.4443499557396895 0.1830498896074378 -0.2752525023003104 0.6416399034196516 0.20686200610645913 0.8117584297076269 0.5702347648965812 1 0 0 0 0
0.6747733705349931 -1.0 0.3695712072176313 -0.541981250266367 0.10716890670312845 -0.06150456545154978 -0.2857880297958547 0.3097351663972865 -0.8091278238679895 0.3971802186630513 -0.9206049776415941 -0.03599927714106376 -0.46078620360039835 -0.17042424516881266 0.08440151396313869 0.06877965309051845 0.5656186659519422 0.3532318492979522 0.6747733705349931 0.6809824505789837 1 0 0 0 0
0.952509025628668 -0.9781704488584523 0.5455839518912898 -0.506878025089394 0.15953100547764776 0.029365404731499713 -0.37700974901650747 0.37354390180681724 -0.9354084667163266 0.41664691041220764 -1.0 -0.1413621571122288 -0.5069898338700793 -0.4203200819172305 -0.013349158468102565 -0.03446391534873162 0.4371820328836716 0.4589788426908295 0.7379511921897364 0.8026595686846806 1 0 0 0 0
0.7558010961003463 -0.8194600313803571 0.4566375225541733 -0.2853479018950772 0.07160690317409149 0.1429992378431849 -0.4428792325648904 0.4858178202479158 -0.9780043792904426 0.4010898199697593 -1.0 -0.13390922873111558 -0.4432394632821277 -0.4127649198689374 0.15435241811914296 -0.15801336308925615 0.648519033220337 0.22912822266682628 0.7772061019693683 0.5504603442370564 1 0 0 0 0
0.6942487375893761 -0.8170023565227111 0.4424009522720365 -0.2909932237041428 0.00803168293960554 0.09880777190397827 -0.5184297306720838 0.39567611173875006 -0.9999999999999999 0.3736552452218891 -0.954478945484276 -0.17566581471841672 -0.407464589113904 -0.4506783051520347 0.18745518726682264 -0.15458900325729844 0.6021401822957131 0.34960047231932984 0.9460965229067156 0.6711891021706592 1 0 0 0 0
0.9601559571990632 -0.7925266562940313 0.5906975863614071 -0.400549598957749 0.15526069283712343 -0.009407895117441787 -0.36813837082282647 0.20915630708982266 -0.9554274469107498 0.33985150934411756 -1.0 0.03498046474923133 -0.520676525084924 -0.22633757347495748 0.023766320229055473 -0.052415097532362516 0.4808533767730251 0.29607899262505977 0.6335084094188279 0.6011695475683058 1 0 0 0 0
0.4951504998311908 -1.0 0.3489737093006107 -0.4578045182274631 0.18191452012280485 0.043389944161424936 -0.1519703478346453 0.33624000302428647 -0.6529809759555829 0.5035327026002527 -0.8622054122384817 0.08610620677311653 -0.44526824199865456 -0.16470405411097072 0.09608524911037998 -0.12408909502828083 0.4116209052422879 0.2320313109129239 0.5786800944200937 0.5452974998947041 1 0 0 0 0
0.7316709330860407 -0.7361183809925075 0.41255106310036765 -0.3262037281676571 0.04784264025959851 0.08370091907487744 -0.4529100042987193 0.31169689782696414 -1.0 0.40428951579250905 -0.8867226932698724 -0.07439131591346222 -0.40824163879433406 -0.280232852441546 0.160937833179723 -0.121549106666326 0.5948181043685046 0.1984469525369635 0.8000537623686849 0.5403610989501846 1 0 0 0 0
0.5483290397680257 -0.9694580059156842 0.34541107685585476 -0.38566181059331384 -0.03545806219354353 0.09659551826871197 -0.5677268192101754 0.4765696156360306 -1.0 0.40173458063976514 -0.847705340350686 -0.18223030407429713 -0.26442505952561013 -0.4110442538681995 0.31879799272192 -0.15830887869147822 0.6498588128675683 0.3244905152721468 0.8529183590666537 0.8073130233263125 1 0 0 0 0
0.8625771771769432 -0.8772825823058771 0.520321444801081 -0.38798128331078247 0.24988731626347643 0.1273953754921975 -0.2889496810185098 0.2990819506479818 -0.8774267863569203 0.42161992283067545 -1.0 -0.06796873691920312 -0.5098481112692255 -0.31320364811213525 0.07833415520770397 -0.1916319689777002 0.39661844125695994 0.2742599145856956 0.5684860439384785 0.7157110560691401 1 0 0 0 0
0.7636333792277569 -0.7755613332526111 0.4228801121201798 -0.3360181484276103 0.0625797647132211 0.06629967960140291 -0.4185332105763605 0.32687570738955013 -1.0 0.40705294670898 -0.9000443366504137 -0.053823886243668344 -0.3990788440066509 -0.23436496784645924 0.20187240450489902 -0.23436496784645983 0.5631902809291821 0.18632030524961118 0.7035004497381845 0.6475846646672697 1 0 0 0 0
0.6358035561059232 -1.0 0.3892744268114196 -0.48971906943172017 0.14274529751691695 -0.013943971998462775 -0.3325299839048725 0.25008111634737135 -0.8081283413438719 0.46156555224598594 -0.8961988902242066 -0.049085256524031895 -0.42089081566185604 -0.20758494155338061 0.08947195203487043 -0.013883482821985402 0.5118215719966517 0.3720845957167665 0.6886312266690312 0.6904854580194536 1 0 0 0 0
0.8783273091066678 -1.0 0.5676884124040451 -0.5445593364632355 0.1743259810452285 -0.13021108923265656 -0.280697214794208 0.18008079557550807 -0.7988547513306402 0.3461018857113649 -0.9855060711090683 -0.08841024118175321 -0.5308549996691642 -0.1725822525169487 0.026892227140803884 0.03428527351939515 0.42240921436264095 0.44933380503205883 0.5262698928436954 0.9259611595562606 1 0 0 0 0
0.7426336179951181 -1.0 0.45832188841433885 -0.5823536045840028 0.19101610836631117 -0.13062232201620516 -0.12692771113890264 0.2542183750374278 -0.6285798857538769 0.42155864790389597 -0.8628914431669288 0.15419923857390203 -0.5622868298299416 -0.19680613378807932 -0.06060062256003397 0.002981453252151571 0.3909929892595731 0.3207813099749209 0.45832188841433885 0.7560430356459892 1 0 0 0 0
0.6607340618104697 -0.7774018416016926 0.3776543921836851 -0.3624268785055914 6.085772997093557E-4 0.05296518930354223 -0.5281278354792814 0.20394101310449403 -1.0 -0.0032385539305682803 -0.8302002217760006 -0.3622183261490752 -0.24567206621988155 -0.23011448032324236 0.28127892451060016 0.03308542242967877 0.6041181278851128 0.486588323563196 0.6796060397855886 0.958820132109253 1 0 0 0 0
0.7203275126499823 -0.732733879891166 0.3380785104908002 -0.35057061968668174 -0.0018603373429030648 0.13809072971052058 -0.4686545274586699 0.43551117156791325 -1.0 0.3080662568632864 -0.8523668204155362 -0.2220805026975376 -0.29965376261235643 -0.41454355075492305 0.16611601713355464 -0.09648440559955361 0.5502409802005208 0.3080662568632864 0.8477724273546091 0.6266785436248534 1 0 0 0 0
0.8345500565042819 -0.9540387627753246 0.4096925553569202 -0.5026047695070324 0.03845090913216462 0.054672321564241295 -0.4140706828078378 0.5342447959968266 -0.9992278998399748 0.5363676564404672 -1.0 -0.12939540686643117 -0.44168454424785003 -0.4225089203566994 0.09040827711820672 -0.13089018286988563 0.5941782880379395 0.3204495196514147 0.8877030407461445 0.6937037487224135 1 0 0 0 0
0.6778684385080928 -1.0 0.26986552068512726 -0.4958462146564575 -0.11457904363257768 -0.014453607914085603 -0.49974825940028195 0.3941875790483667 -0.908620875581428 0.6108467124227709 -0.8854545434267609 -0.013582223188607826 -0.3561624237905487 -0.2788684935956724 0.269035593760155 -0.15867990919495045 0.6776254193289735 0.24971825858838126 0.8701701735492468 0.706677898490242 1 0 0 0 0
-0.03816183923973451 1.0 -0.1655609388849396 0.49063226019051936 -0.27172685525594387 0.0026943711838690715 -0.31419322180434556 -0.5493505388223011 -0.017437667588407042 -0.5924887455650637 -0.1652446897268511 -0.16782508008104674 0.1737838494287875 -0.42262327937145694 0.5351341091636884 -0.21082024848169295 0.30156909314747904 0.1504763089958011 -0.03816183923973451 0.2993049519513719 0 1 0 0 0
-0.4491426510733905 1.0 -0.44914265107339 0.33912225516974065 -0.3136161311964116 -0.28782943911336684 -0.02688108366659952 -0.8633298223143918 0.39778996167265956 -0.7969347945475435 0.213258483498006 -0.2893894876853137 0.1266541964965757 -0.23703107506259283 0.550649587675828 0.10129333997219782 0.1792797335919777 0.47468543387752926 -0.22884944592525766 0.5594135897037342 0 1 0 0 0
-0.19723459431499885 1.0 -0.2482586458336465 0.47325814861341325 -0.2822746801794108 -0.10362355273968768 -0.18022657714211646 -0.6325624151014818 0.10890971479688387 -0.9056435232002228 0.27898988652570833 -0.42915093219904976 0.02386962893247235 -0.07154769661619258 0.44843838218264265 -0.0551287407905984 0.21100544500169902 0.3196793130847041 -0.16321855996923404 0.40471939894911607 0 1 0 0 0
-0.20094422396438283 0.9999999999999999 -0.35793181554689407 0.49767227438577505 -0.40502809302164744 -0.0671616018535099 -0.24804050143913575 -0.5853447784395625 0.08159532074374462 -0.8524535806736326 0.364174725316188 -0.4599846017173546 0.11303095920063966 -0.09899106983415254 0.39525521965505284 -0.11461190023582989 0.3018450414382985 0.2774281063818024 -0.043956632381871585 0.4034471519864572 0 1 0 0 0
-0.2313919631688227 1.0 -0.2313919631688227 0.4574577796337049 -0.2599657739634114 -0.07115334868904026 -0.18853124697693965 -0.5855177520246297 0.039954716185937336 -0.8431153194448042 0.21133748738110186 -0.4288551564956361 0.1253224947146991 -0.22821568711847698 0.4686664012986006 -3.238503719202771E-4 0.2116703784827133 0.2997733611971652 -0.1456705307850566 0.39994997331363713 0 1 0 0 0
-0.22708616441803112 1.0 -0.35593736849007707 0.4852914005493968 -0.35593736849007707 -0.09366538033569989 -0.2596856943975182 -0.6263597224481046 0.01450984321705504 -0.8686214572422511 0.3366378533971699 -0.48208793261412486 0.07928656516211843 -0.12744803563040208 0.5618669265663675 -0.04691603308537335 0.28847396728997243 0.30742477811275304 -0.08212855983697942 0.4523823826938047 0 1 0 0 0
-0.17128499340428682 1.0 -0.29363414832922796 0.5106924123813336 -0.308927792694846 -0.039754866315809885 -0.2018722821355221 -0.5731540945684888 0.042826027714360115 -0.8505481132415198 0.2875243375642428 -0.45316440567597677 0.027881091143648652 -0.0858487499588524 0.33301832795987485 -0.14702332742132382 0.3181116262954776 0.2811342081565701 -0.03364219411372808 0.35766693664405913 0 1 0 0 0
-0.09856496525666769 1.0 -0.25784311220413014 0.5508674232321186 -0.31595578762198195 0.05809611333239943 -0.2434921801668772 -0.434532278968579 -0.06985299861334406 -0.8115901863776194 0.2347676290368146 -0.5800518885003908 0.017653084733699517 -0.24637404822780182 0.4376657299111071 -0.1884982031762317 0.2637530720188561 0.20280648534489884 0.031869528162520866 0.44927658334120385 0 1 0 0 0
-0.1607913998512524 1.0 -0.2616835587456939 0.44224887140158003 -0.34691912824916976 -0.15041064755028596 -0.26231561534102554 -0.7425463256577303 0.2280244472564627 -0.8105151762342871 0.3975917853424997 -0.32021199720998905 -0.025425779198221594 -0.03247354614579266 0.44835389308738577 0.0352478382533171 0.12703605296863665 0.3231718967348459 -0.14387069726962357 0.2554890864083305 0 1 0 0 0
-0.189258094056754 1.0 -0.2433176172877412 0.49573850009727405 -0.27935729944173265 -0.044602386703742954 -0.26133745836473693 -0.6032091215114501 0.0805891223972434 -0.8560436309305602 0.3513371382531179 -0.4958919898501838 0.1536656799985734 -0.11723014677373421 0.4052544593199338 0.008766538601064104 0.15366232216185252 0.33326588015115804 -0.17123825297975828 0.2792063569201708 0 1 0 0 0
-0.26944216973582236 1.0 -0.2962542972742468 0.5176793608363138 -0.309660361043459 0.008805346664295523 -0.17559972335133686 -0.4343990141154865 0.02546072541414087 -0.8098186088436492 0.21317612595581734 -0.4749449740852116 0.18614023635991134 -0.2869821218443725 0.46787868159597096 -0.018860846460128207 0.26687018658429656 0.2760725564625405 -0.1085694045052758 0.22244830138569163 0 1 0 0 0
-0.27781096237077285 1.0 -0.37342598352159867 0.4080985019923784 -0.35808897146423213 -0.2031678235783113 -0.1978556713659321 -0.7018937927813279 0.21962111744522878 -0.8625955992499669 0.38087280185333383 -0.46105976550095135 0.12343324555879423 -0.17205893276449943 0.49285792492643227 0.10051393737241733 0.17187385039737382 0.4219983345270962 -0.1814773514586222 0.4701651399831715 0 1 0 0 0
-0.17844849214761666 1.0 -0.2917722841499404 0.5329038355014796 -0.3484341801511022 -0.004650374228880851 -0.2351103881487789 -0.5015279938420459 -0.022993080704853255 -0.8698425680383414 0.2748466758616778 -0.6150180137566017 0.23235025386080682 -0.1899529348432952 0.47316331186574473 -0.06262074655146087 0.21818477986051676 0.2773277557707593 -0.12178659614645479 0.4333810399883814 0 1 0 0 0
-0.1608600131804809 1.0 -0.2666062170466249 0.5345212061092084 -0.2878532062597327 0.016173281828679102 -0.23493937581004445 -0.49196652430434273 -0.044627868009361825 -0.9048978961887769 0.25179246292005564 -0.6191632117604604 0.11446459843942379 -0.18526980207301671 0.41060935567615187 -0.058280371594143454 0.2730526155517161 0.3015182190193621 -0.05503235228110441 0.40736509896349166 0 1 0 0 0
-0.19954357265633083 1.0 -0.27802217381577793 0.5629523407448408 -0.28923340255284113 0.06970686466166864 -0.19954357265633083 -0.3676183691360934 0.002138375060141166 -0.7377404542448934 0.29375049177447765 -0.5360429307963489 0.09200839534177717 -0.21087272443734162 0.3383406647185469 -0.14354533118051052 0.27147993638670964 0.11431292977195753 -0.03137514160037339 0.24884767461672347 0 1 0 0 0
-0.1515856566676472 1.0 -0.3125353908304101 0.5437567079785772 -0.3529221733894603 0.02032003951445138 -0.27310156081767634 -0.5153071044037756 0.03607542493755887 -0.785183781600076 0.3181995490165833 -0.5045730285655369 0.09001816339852889 -0.1412358001651392 0.4522072306151058 -0.16796845986920284 0.2781178981644617 0.22131314951674808 -0.08447348442704283 0.32887827759395644 0 1 0 0 0
-0.15774432434480842 1.0 -0.2704319314397037 0.5777662210782372 -0.2986038332134271 0.12721248613241276 -0.3126897841002894 -0.3097079885386965 -0.05927624834256103 -0.6198843519891201 0.20849039871360087 -0.36641496542020036 0.12375602753895736 -0.23956367804384807 0.49020941645084026 -0.2678043534924291 0.3072610451004412 -1.0251296719520684E-4 -0.030970766363051218 0.09849914324083776 0 1 0 0 0
-0.3536735573476878 1.0 -0.3801641232550009 0.4839285774347807 -0.34048949339460904 -0.03307085138463183 -0.20797544485746594 -0.5097508664863981 0.08324269792450245 -0.8675848964655711 0.3350811562424519 -0.4703416487278628 0.13653413949420878 -0.13909433401446186 0.48066801624995925 -0.08611320219983572 0.3355445072181976 0.27104608657314494 -0.08876789827455714 0.35098113527082986 0 1 0 0 0
-0.2358975535273969 1.0 -0.30034292097745946 0.4985655458212003 -0.2230084800373844 0.007754534392775999 -0.13278496560729722 -0.494190288099928 0.08612143603576264 -0.778899989308879 0.3183326065431409 -0.46962034372151884 0.060820654799212115 -0.12134939363108845 0.3440839119531822 -0.10846032014107557 0.22834934991554726 0.2137665171092371 -0.14567403909730936 0.2524337375792746 0 1 0 0 0
-0.2769416633664 0.9999999999999999 -0.31998906402455246 0.5123068884719424 -0.305639930471835 0.011088610041713323 -0.19084803209169365 -0.44926131878286696 0.02418104225532434 -0.82233996119512 0.29680867517612214 -0.5066590230353349 0.1249443178354269 -0.1479306842173984 0.48356241492762636 -0.09054548824759415 0.2543251669410473 0.18209938749510363 -0.0904029271810728 0.31124158946956093 0 1 0 0 0
-0.2821766690039412 1.0 -0.3732510322685782 0.43550969173693427 -0.35503615961565027 -0.16535330457502048 -0.15533818975310262 -0.6751026547496665 0.22715443349296155 -0.8403874697307309 0.2280314349667701 -0.40254519427540925 0.045481442553911344 -0.16575184978735263 0.464048609498613 0.01581237647445239 0.3011140726036784 0.41712407510632343 -0.10002794247466729 0.38069432980046863 0 1 0 0 0
-0.2218980657481281 1.0 -0.3546170722054084 0.5126393116714227 -0.29587229088613365 -0.04939591184772849 -0.1923083756929259 -0.5828929720217878 0.07362500992904725 -0.9085350085605431 0.3551008903283152 -0.5832397369867748 0.13317821491429854 -0.1837065760891093 0.3694585383029977 0.008308186097807051 0.2812569916680599 0.3638216638131523 -0.14792384061012254 0.42300104392355675 0 1 0 0 0
-0.0951602450154385 1.0 -0.20780191642720663 0.59987497425348 -0.2328333989631552 0.13665012773686072 -0.20780191642720663 -0.32657899322635975 -0.0951602450154385 -0.7269805477398731 0.19270180414796986 -0.627299088614713 0.09296390140811982 -0.30202511927326897 0.4052911315217467 -0.1766579533713679 0.23044538851807442 0.14892959377774917 -0.08264450374746422 0.27408700645749196 0 1 0 0 0
-0.19030379350678814 1.0 -0.32919068644641547 0.52801573971365 -0.3153019971524527 3.6525772125856064E-5 -0.10697165774301173 -0.472047182551449 0.1427086066811218 -0.8471956760970433 0.3513550889577584 -0.4723534531458265 0.018261493718149266 -0.19442727928079487 0.3513252521889605 -0.11109514351701849 0.2406441082215403 0.22183486592260332 -0.16252641491886266 0.3472316031837517 0 1 0 0 0
0.2896248092008795 -1.0 -0.14203257164813374 -0.9280535007423647 -0.05218838479756163 -0.4964418277212262 0.18094646772601203 -0.10142735186797408 0.27163818438647064 0.3489060924841741 0.0921089059710229 0.7443656372690158 -0.2857524754691045 0.9065822303273359 -0.37588030893224716 0.4934512406304175 -0.12419643712294798 0.15127286371458945 0.14573181068560886 -0.11865538409396739 0 0 0 1 0
0.4153876510239762 -0.9674255361092639 0.0408376707031548 -1.0 0.008206852389774212 -0.5603010950888766 0.13800836705530306 -0.13677670689549185 0.20365363573419024 0.35147981823647273 0.05722816818322734 0.7264465862090163 -0.28481547476745434 0.9056061376080652 -0.447835642080532 0.5310561792514932 -0.23660147230362308 0.17268070006650163 0.10593024406198268 -0.022766083277915305 0 0 0 1 0
0.25748272740437866 -0.9212156706564288 -0.04074539803046264 -1.0 -0.009867496792564889 -0.5136285583429417 0.14760920750733186 -0.07391546245730073 0.22609029314807957 0.41210675116463064 0.10085037960223003 0.8210644305681702 -0.29188487208085573 0.8840762031056396 -0.3860621748497526 0.4288786781938914 -0.15108187341571522 0.05194979128884268 0.14760920750733186 -0.0893161628645032 0 0 0 1 0
0.1690630030484763 -1.0 -0.11997464692170585 -0.9278210822000904 -0.06216711692766901 -0.49458835168473075 0.08235170805742166 -0.10417558895356711 0.1690630030484763 0.32937969600608985 0.1549601415045607 0.777232526362026 -0.1487868448653176 0.8931966073046932 -0.23558970690977873 0.4888603947085932 -0.13462689558741278 0.11299531855239912 0.12570735555294899 -0.0750795200954171 0 0 0 1 0
0.4218969449115024 -0.8797956705980833 0.0466258240560137 -1.0 -0.058564097762344856 -0.5798410769905231 0.10659438565679057 -0.18931150944870773 0.21169523874169507 0.26101658849254167 0.09157997807323241 0.636540733356756 -0.1636020006498523 0.9069188318452862 -0.38888106460061483 0.6070742988595642 -0.2988675561654241 0.2013146124842286 0.031522347739001505 0.03608319199893801 0 0 0 1 0
0.07257274788188817 -1.0 -0.05842993499935746 -0.6961172229782558 0.08679215639352474 -0.3476718101455159 0.2175345678495513 0.04203322863528181 0.2610231138398502 0.4782147965961805 0.05823317173926971 0.7393852337578097 -0.27533562004050377 0.6529102482121537 -0.36231271202110127 0.2612380483394871 -0.15962733050560976 -0.028755806216657003 0.15954983986248605 -0.10123671620048857 0 0 0 1 0
0.17933039442100251 -1.0 -0.12663789983088028 -0.9418529569993956 -0.14151651977892557 -0.5189352181592831 0.07693689009564507 -0.18364764293696534 0.20848583574468232 0.2243645672186833 0.20848583574468232 0.6762239623624767 -0.06835228603646296 0.8951036860391876 -0.27257894609603456 0.6037144266395879 -0.19975053669919252 0.1954332881832297 0.1355972324354828 0.04959588765247313 0 0 0 1 0
0.37445140584226 -0.8474249536520847 3.31503800351545E-4 -1.0 -0.13875556823709023 -0.5981419736209694 -0.0139214394069784 -0.15425264241263606 0.15220408654826434 0.24802130914954823 0.19436396668831082 0.6644550510681625 -0.12466633300604867 0.8725119324516836 -0.3468124496206106 0.553882842372827 -0.23584877954939973 0.15131173393136133 0.13865360694093692 0.10963670071210897 0 0 0 1 0
0.2866891686126074 -0.7726971060989579 -0.016060422566936735 -1.0 -0.14266074208936083 -0.6212682750565774 0.020855328073912962 -0.20573413332131044 0.16040978311202853 0.19955762053098386 0.21092153731226007 0.6415950893607306 -0.003679102986956226 0.8941907825086828 -0.25631218903988184 0.5786991445159693 -0.25640994238895465 0.2501659164557311 -0.0037534180387240484 0.035490961104747004 0 0 0 1 0
0.21433024452825136 -0.8273839628531585 -0.1055896835705281 -1.0 -0.16777497250202686 -0.59381922332641 0.0662910367793519 -0.19967902534020435 0.2141529478748935 0.2560178640338506 0.27589724018395334 0.7363299804563698 -0.019624338963418766 0.9457583780336342 -0.27797530684654254 0.6009703363591434 -0.24164982417622088 0.14575886935921653 0.0419426566922839 -0.0639532167224454 0 0 0 1 0
0.23410090105344386 -1.0 -0.1419940938476889 -0.9443033149395673 -0.0448810992169014 -0.4436084600928902 0.15026041531282722 0.030251234500152095 0.2617821915955404 0.545990714402225 0.053309657177016787 0.9501221957836513 -0.3229052840275553 0.7552815613481874 -0.351141945941008 0.30936776002616584 -0.07263164315911926 -0.011009457852576855 0.23410090105344386 -0.1920922331753445 0 0 0 1 0
0.29614393580933557 -1.0 -0.07589265403364127 -0.9557330772458714 -0.0014853360650459021 -0.5092217093725872 0.14718274297182504 -0.09237727768345678 0.22173661784074103 0.3537519894454473 0.05815897226688675 0.7113683132776933 -0.26935168075198923 0.8456785231165213 -0.3884033895017418 0.4736097213093057 -0.15029997200223705 0.146102529186333 0.1622107634658639 0.026820987966616024 0 0 0 1 0
0.13417411571007296 -1.0 -0.03682030383507869 -0.701740233441699 0.10355390130845864 -0.27539486141052794 0.2481703954068399 0.1398851093680968 0.21967132548264878 0.58148857835764 -0.06531937375927063 0.8095517213511175 -0.2933119331528061 0.5533321473413993 -0.378809142925382 0.15427054687198077 -0.12248123979393884 -0.1448641760879575 0.19117225555845682 -0.1165288323500499 0 0 0 1 0
0.13903567704945435 -1.0 -0.18724017510768523 -0.7733410513723605 -0.017009295721351337 -0.3616703899288251 0.16740749028050994 0.04916943798848914 0.26670883658920524 0.4891952315057875 0.03994537559995343 0.8723286283904755 -0.28654152141637895 0.688382530633862 -0.31491333464743493 0.2626972858415926 -0.01735826275336829 -0.035358350144110276 0.2099652101270933 -0.19140332291491596 0 0 0 1 0
0.2560231440329738 -1.0 -0.061963226535383505 -0.952605038146447 -0.06265392533782872 -0.5237111429499092 0.12835503578044705 -0.07878664540213134 0.25602314403297477 0.35124362646909074 0.14488500700187498 0.7648243566543842 -0.22039040291422787 0.8607862767302253 -0.37994959710374043 0.44725086492885147 -0.18915777476272644 0.1293406344256073 0.1288285958056309 0.0016570672903256994 0 0 0 1 0
0.08026624436760241 -1.0 -0.14701468153829803 -0.7577507882699297 -0.010646125994756903 -0.3788362336120485 0.1408744912758425 -7.001562402911701E-5 0.21663479991114265 0.43905799240723564 0.05027586957018041 0.8030953455201433 -0.2830786033732153 0.651574728249543 -0.3288394222630184 0.28831300853834396 -0.010867680501923932 0.045492259167141905 0.2923951085464428 -0.09087629637639835 0 0 0 1 0
0.012496433148052212 -1.0 -0.1737215290286475 -0.7676473584674791 -0.0030257606245367137 -0.3954175956848559 0.16752258266998557 -0.038872337419423066 0.27604088733533894 0.3640078633218461 0.2605382723831447 0.7672416477176366 -0.0805192565651078 0.6899716160972059 -0.31305848084800786 0.4266494301665055 -0.22078004142704843 0.05491506704134705 0.07450689295682555 -0.10084833277278649 0 0 0 1 0
0.4871853571275211 -0.829646475820947 0.11274351807862364 -1.0 -0.024120626712594854 -0.6084323056911347 0.06130154667988839 -0.13123807108887364 0.12944295635150962 0.34532386761897266 0.044617921209944296 0.8057473562979626 -0.31314016995121574 0.9253308597861124 -0.4327236734393655 0.48222213747793957 -0.21178513811373648 0.07374824843517427 0.14647830876941492 -0.0630556170152081 0 0 0 1 0
0.39402450537539374 -0.902706458744287 0.006783714541267326 -1.0 -0.04205639350546222 -0.5320276642134834 0.11945505052448444 -0.09564618955910088 0.2163619169424524 0.3730752547339111 0.0871527617184951 0.8251066028657152 -0.29978448905202787 0.874609640486475 -0.42968385917733415 0.42177126997794995 -0.17170825789175317 0.11481563864437686 0.11945505052448444 -0.07899809419155912 0 0 0 1 0
0.3424902536408727 -0.9838444642901739 -0.07715618219741441 -1.0 -0.12602028194408224 -0.54792887750408 0.06784614657383016 -0.11185126662619653 0.18093489654261147 0.40512233993678637 0.035559134960844396 0.8740180825331536 -0.2875756390423421 0.9549131410377726 -0.3521977818816467 0.4705562413841491 -0.061748657454246 0.06661587519798613 0.2778681108015686 -0.12760107166939416 0 0 0 1 0
0.366872535453628 -0.9674355391777015 -0.08764283403394155 -1.0 -0.1042707368309874 -0.5624086670516364 0.07468408364019137 -0.12364844452611178 0.253193344663346 0.31494711044794127 0.20454561777949604 0.769309270705501 -0.13634090933618115 0.964535417871805 -0.36329004973284323 0.5912114148410883 -0.249969751708074 0.12059231239391346 0.042218700105364056 -0.10710287550480191 0 0 0 1 0
0.18629715447802234 -1.0 -0.08398363386123305 -0.8652621482991063 -0.009207016195211071 -0.4297086037120102 0.11109318365267376 -0.03900164146042524 0.17128155512584148 0.3960793594346302 0.09620355836493721 0.8016888473489528 -0.20410842867867987 0.7869445327183772 -0.3092176241439459 0.41163746558777986 -0.08459350581170644 0.08173302530749371 0.12623475706929893 -0.14411083692569124 0 0 0 1 0
0.24809301094561942 -0.9262267142234021 -0.045125949471935836 -1.0 -0.08953985555300195 -0.5449612511893627 0.027897663229127227 -0.11907341430756568 0.11548974539932819 0.3504202456158572 0.08661642262019181 0.8056941990337311 -0.16288960959691906 0.9381425916378121 -0.2656961337261957 0.4988160479758065 -0.1042195454007681 0.086672688357854 0.18937425155455484 -0.0894843929007317 0 0 0 1 0
0.19431874379685138 -1.0 -0.03693351330723533 -0.7562916635118844 0.03976405958042559 -0.38244320397142856 0.14283729021566124 -0.009073359618770444 0.16857801700625633 0.3899632681477971 0.014401113506063256 0.6602768779933823 -0.2690143384338607 0.5962880822879134 -0.3591068822009427 0.287410503151627 -0.10203359735536877 0.06840715333988397 0.20718910719214892 0.1454623421814808 0 0 0 1 0
0.04783907638919434 -1.0 -0.1678941096578932 -0.8463622882353161 0.0012203622008277503 -0.4456476959143365 0.2016568705529163 -0.029755340242215232 0.27898177572535954 0.4482129282030255 0.06359966584019822 0.7566845149548558 -0.2911702159705147 0.757152729378592 -0.3528082691268254 0.3256593976971422 -0.044997418389545706 0.04784690365728284 0.2635722624362819 -0.013791149499028323 0 0 0 1 0
0.28211312108721914 -0.7165815740800175 0.03919747285665961 -1.0 -0.12277034451275579 -0.649113249401935 0.01166467574285939 -0.23124755030442445 0.13365585036722835 0.18730273314410795 0.16064808140722667 0.6464127357063759 -0.10898224412244123 0.8357636955902018 -0.33861459980680425 0.538650762305843 -0.20406397890641942 0.24164262783992319 0.1471519658872275 0.14716981919992903 0 0 0 1 0
0.3606759130234831 -1.0 0.014169593985765842 -0.8744406210649129 0.1401718918176636 -0.44880984394489437 0.26617418964956047 -0.039677667975827634 0.2976747641075347 0.43283023941476073 0.07722309801698049 0.7482295273023037 -0.33219174618035646 0.7167813079595948 -0.521340171799795 0.4017994313116631 -0.33247741383559515 0.07101953157112337 0.029919881214753846 -0.007731904573812172 0 0 0 1 0
0.6949259130859679 -0.6558614130575398 0.32944253295391746 -0.9784318181986189 -0.14375714028083791 -0.7852507980086242 -0.1867665276329818 -0.333401251157165 0.3078414269166729 -0.18209059439352807 -0.22972736072148908 -0.07523468380359724 -0.6168604011544206 0.24723320076005945 -0.5742620255064746 0.7630373578590107 -0.03921070030954037 0.9999999999999999 0.4583742826491765 0.9999999999999999 0 0 0 0 1
0.5247065407124271 -0.7614170513998026 0.10761391544837642 -0.9999999999999999 -0.2898503730323815 -0.721653226633103 -0.13154465949378916 -0.3637788037328071 0.1077769152106493 -0.20472350466600883 -0.38925439790394806 -0.025786293215860845 -0.5886805527551604 0.45090375658332027 -0.2508141236619444 0.8290098578444499 0.26604872046323985 0.968309325951628 0.6439980150125257 0.8291359392681795 0 0 0 0 1
0.4953837001365644 -0.9815125955093101 -0.003707809890177407 -0.9999999999999999 -0.2441124794910269 -0.5751130756218829 0.01471118337863006 -0.2053732696205521 -0.0017111927343060516 -0.14957939342826992 -0.42898652439792523 0.09036861663792012 -0.6138605693048226 0.534279026026405 -0.17109684717144835 0.7743238382846284 0.3285850079031218 0.8672278535596681 0.6247955315713929 0.6453789996713908 0 0 0 0 1
0.541904401258935 -0.9611301223400366 0.04459374650304532 -0.9999999999999999 -0.22406778790656928 -0.6169182427542129 -0.07144056595551977 -0.2148744537857213 0.025015275676211896 -0.13771001898711951 -0.4149847666029871 0.07293233303339416 -0.6262031872184596 0.4750320713409554 -0.22438509650428376 0.7431579985532115 0.2736184463867301 0.8772031316571737 0.6759495343628983 0.762307303282348 0 0 0 0 1
0.6422897620228015 -0.7883029386123844 0.1427710520775703 -0.9998226410289031 -0.29993436692350856 -0.7116311005878444 -0.14678051192349084 -0.3075763422112059 0.18104389795496728 -0.2306600867870173 -0.29993436692350856 -1.7705984880763255E-5 -0.62682845247631 0.3649049007650315 -0.33864746833145637 0.7884802975834814 0.21910507563640885 0.9999999999999999 0.5269153788865186 0.8846256168637171 0 0 0 0 1
0.44588571650968173 -0.8869040855812065 -0.02235943443239962 -1.0 -0.36153535165024747 -0.6611191487179296 -0.2326897700030799 -0.22469234603523858 0.25170603410450326 -0.06291956624428165 -0.15155401348887707 0.0017066705664575527 -0.4588815988406671 0.3246514009447081 -0.3134725660165039 0.7771118992472993 0.20313655687569482 0.9064739859168064 0.6397644269418993 0.8256911899033824 0 0 0 0 1
0.30476510754905695 -1.0 -0.017386298569428128 -0.7986350339392395 -0.4064498760940764 -0.624393293124801 -0.47384609455255045 -0.1947772581181203 -0.11166743413781835 0.00682483030380261 -0.08444489000244253 0.08737081672810683 -0.2859054595625073 0.3824559018875146 -0.004359270899457496 0.6642522889469388 0.4523451630229434 0.7720117013346927 0.6269490532462738 0.7048900459811058 0 0 0 0 1
0.7128147111402089 -0.765730801295708 0.16067548810937066 -0.9349404529612121 -0.2657830823489786 -0.7024453674553146 -0.0113139265391748 -0.319796859803237 0.03232603280415177 -0.2764319045511142 -0.49979559818334957 -0.1069293020211005 -0.6061649235626098 0.42538266422546805 -0.3311564797492986 0.9149045396965924 0.24450012272044225 1.0 0.5638976556092457 0.7659874841656291 0 0 0 0 1
0.5247378421214038 -0.9999999999999999 0.01365477223705548 -0.9810585348587546 -0.19558969747414812 -0.5648981659795549 0.22130991017348645 -0.2802243246326575 -0.043299965698205024 -0.2991657897739034 -0.4596352062687712 0.0038976524860302626 -0.6117500663533473 0.5147754809500604 -0.29010226211577483 0.8941465141245853 0.278053900974403 0.9888538398308135 0.5626207724038955 0.7236733278533727 0 0 0 0 1
0.7710145240611018 -0.37451508502805997 0.47220689688108874 -0.7526356639291967 -0.06553829741221733 -0.8326867800374134 -0.36445445922294833 -0.4541975878452332 0.053875744454154065 -0.1952305087200516 -0.14522042434089416 -0.1753100002413852 -0.5437390355309556 0.12323308620141725 -0.523818527052288 0.7011835565572538 -0.0667717932821379 1.0 0.41244537144508614 0.9601589830426649 0 0 0 0 1
0.7263164568606763 -0.500824743047768 0.35166111456004845 -0.9201728330169964 -0.22204426871686733 -0.8105082873779114 -0.2449129788021454 -0.3683990304259062 0.08634733104292874 -0.2801152220113317 -0.5091031743778615 -0.12561855728582566 -0.7972519772179537 0.3158004847870463 -0.35749716055846587 0.7560510446896161 0.2622391524526078 1.0 0.7042455047570326 0.9337871436890679 0 0 0 0 1
0.7633260219134622 -0.5779406540529828 0.4088592708630382 -0.9915801796303926 -0.14397233792839914 -0.8738220429265213 -0.24324540335189138 -0.43987084682334676 -0.1042791586980922 -0.2820767814180485 -0.5777663280209653 -0.06526714749637175 -0.6568205667342228 0.4673321215031172 -0.3413158069711245 0.9012953380741897 0.23050957789304086 1.0 0.6647047310351508 0.861930192770364 0 0 0 0 1
0.7737017694885001 -0.3922026452673456 0.39586526204373157 -0.7890472680880992 -0.13025448610504672 -0.9346192603065712 -0.4557758912670778 -0.5371168122119184 -0.09427726615066234 -0.24755821459021882 -0.4916091926522958 -0.12132214403179709 -0.564259214274923 0.41994942770495874 -0.27528125176757995 0.855044670475962 0.2851551472125383 1.0 0.55673512347281 0.746872246315028 0 0 0 0 1
0.5676143428526516 -0.6640441287834805 0.21086220478719261 -0.935541066302846 -0.1968545244304747 -0.8173798151954151 -0.33337975657734076 -0.358876237611207 -0.02697255392311331 -0.0016658745836770818 0.07497841270906623 -0.05246903495697958 -0.3154254889441521 0.21934211785479862 -0.4179368787216325 0.694775842643823 0.005405475801036731 1.0 0.4317087664467624 0.9158581969349803 0 0 0 0 1
0.676476800169894 -0.6868112500372997 0.32193681659286244 -1.0 -0.15839296693927965 -0.8329660000198932 -0.4092441997008004 -0.3742006237425665 0.008326355127059332 -0.12307150010443915 -0.40883644636242955 -0.08172075344778325 -0.5971574496784205 0.39890091640557507 -0.32589323808549814 0.8372079614064233 0.21630752870672634 0.9626494997662551 0.676476800169894 0.9000117497737151 0 0 0 0 1
0.5614883854160265 -0.5690072700820711 0.2785705293140264 -0.9275399343807975 -0.23229867814074479 -0.8714665028689764 -0.4782152272889604 -0.4558727365374419 -0.04431012334220063 -0.19093322909843952 -0.15668445493203784 -0.07751101680335003 -0.4590147399381955 0.3005630241802816 -0.32727722276371235 0.8106713676399797 0.20173463601386685 1.0 0.6560068956619344 0.9810962979508184 0 0 0 0 1
0.7061862221881875 -0.6750208659400303 0.2732659738428315 -1.0 -0.21458799098172818 -0.783797295030195 -0.03431914053174526 -0.4403137135633851 -0.5755244787067741 -0.31408437821498425 -0.9187094481116637 0.047096862734534596 -0.6303404033928294 0.5702311846220497 -0.09015653457335913 0.8766825600390178 0.5432924257022425 0.9498748043598209 0.9408933745648326 0.7693308409931707 0 0 0 0 1
0.4495075172626203 -0.9064139387266921 -0.09447648612935453 -1.0 -0.29742208374938045 -0.5026073254647669 0.09176714056460566 -0.15999044838684828 0.10745882309293397 -0.15999044838684828 -0.4365857792689561 0.02661542419811265 -0.7172852719578506 0.3837705944214894 -0.266315595581379 0.7414373345054805 0.356182962716297 0.8352408720662767 0.8071687730504621 0.7419379357737963 0 0 0 0 1
0.6278732030332242 -0.844784227996066 0.07637914216012871 -0.9999999999999999 -0.3724062165476832 -0.7072405542561018 -0.14857078816485977 -0.3273983213162863 -0.1308802045657985 -0.29290592753763434 -0.631099169887573 -0.08642354103461758 -0.5973677738238171 0.4988971339415691 -0.16582617671151773 0.8794611381007871 0.42083943435612836 0.948820248493837 0.9210585501517661 0.9315740516045109 0 0 0 0 1
0.6505165061173569 -0.9450459330152272 0.10120066303667669 -1.0 -0.24706658796726647 -0.6888292069416517 0.027663734960630043 -0.3039151515262105 -0.04537909027543254 -0.24896108454143767 -0.4668828559063579 0.043955645049111244 -0.6500630791889341 0.5202689563590697 -0.2675967706130077 0.8673321973235351 0.2837270183754945 0.9783464114518228 0.6138804614608416 0.7768481658409889 0 0 0 0 1
0.7484371372091114 -0.7634224008159675 0.21094205131840313 -0.9784739131105983 -0.30476699961410153 -0.7419172495865044 -0.32736457157850185 -0.26880392253831803 0.29614716982512673 -0.204288468849929 -0.3261831572530977 -0.11826786393207692 -0.6063873902470588 0.2902253311280175 -0.45639405730750204 0.8709690926232219 0.14616358781527758 1.0 0.6194062298323333 0.913979395082148 0 0 0 0 1
0.8187557130484183 -0.6872012592699289 0.28601262934061017 -0.9536014581020235 -0.31774788936282994 -0.8116585979972587 -0.6379755635139275 -0.36793121028498105 -0.17595148007494008 -0.04798723288977667 0.03758210668789208 -0.047840782072903244 -0.495485267856579 0.16489835833386088 -0.406722833719589 0.7690821955384771 0.16157693867988532 1.0 0.7299556467710536 0.9822399867445271 0 0 0 0 1
0.537599095901959 -0.6051071209603955 0.11055224720607398 -0.8700700050736176 -0.37503877194584107 -0.737638901590153 -0.5820075143627952 -0.3257671579110431 -0.08112506520526126 -0.14860876545789772 0.02230414905019794 -0.11915725865128453 -0.3606718616997302 0.21934207845630374 -0.19916775884993693 0.6608284871373763 0.24269884997031121 0.9261786440507079 0.6848566299350228 1.0 0 0 0 0 1
-0.5351005999602 -0.6901299402959317 -0.13041984325869735 -0.3030547038058454 0.1335167208032631 0.1369370623702746 0.15190845668289885 0.6827068677966369 -0.21801491795100286 1.0 -0.4828794283796883 0.5780629039797537 -0.21820123615471268 0.13755074364810138 0.1510965015001206 -0.2499919350105326 0.6092582137818374 -0.4258958562723668 0.5388361329361736 -0.8661851424100913 0 0 1 0 0
-0.5752097488733323 -0.9765273026833557 -0.18444228098964238 -0.6053294120539564 -0.00769200849890335 0.0019328085550132134 -0.12510947202464728 0.588845615451511 -0.3990180382300443 0.9999999999999999 -0.5556401716190422 0.511250682592998 -0.16477682769224705 0.11936902355692097 0.402997652819544 0.21721690982837424 0.7750910816727229 -0.15420510412421926 0.8337998134355948 -0.7025532211232866 0 0 1 0 0
-0.6998465810532992 -0.607086581339959 -0.2534336417921995 -0.5536133132713751 0.04977043911382279 -0.05389125444772086 0.2465488501802322 0.5175876264265865 0.06805243998772116 1.0 -0.39615531884444477 0.7142957188728962 -0.30739243555786694 0.12541988010258004 0.04978045994677628 -0.2856692650719672 0.49614444586659867 -0.24995622993107922 0.7465313421526639 -0.607086581339959 0 0 1 0 0
-0.9999999999999999 -0.7337314718545316 -0.4341647964541074 -0.7756610931721054 -0.05658352035458974 -0.25284516548926006 0.2159590182096399 0.3773977300663752 -0.014653899037015947 0.9851254436581655 -0.32912605891881874 0.92275334648674 -0.24526681628367178 0.31457797537144455 0.13209977557449232 -0.16728034737866046 0.782008905996886 -0.06239380978635399 0.9497273912671812 -0.6079426079018102 0 0 1 0 0
-0.9193502446301609 -0.6536917169990857 -0.32899111885976007 -0.6342578588584995 0.04498145375910063 -0.20088891853406024 0.2618687292428663 0.3897177095150207 0.20281321243533695 0.9999999999999999 -0.34812120369331867 0.842829999061939 -0.40748621158274084 0.17342744005996938 0.025629508688153082 -0.20036556607105446 0.557107847216451 -0.20088891853406024 0.9115480274240724 -0.5158821696401649 0 0 1 0 0
-0.7970028608012205 -0.23658426999961665 -0.32118605174404247 -0.3287382628612177 -0.01386705870273262 -0.02173142388100106 0.03238307495318898 0.484966623008653 -0.2440789036316146 0.7006297973436024 -0.3976688917342826 0.23996648894108913 -0.167460184791968 -0.1444302771380156 0.23173498724335972 -0.14443027713801604 0.6771458892093098 -0.19019213779372965 1.0 -0.3594562604817514 0 0 1 0 0
-0.7398070603654447 -0.23804632029874007 -0.4101594068225184 -0.4949565802373773 -0.044345459723370104 -0.16479128617808977 0.029370797901383434 0.3844337848168814 -0.19007002254783809 0.8241516744506894 -0.4284731653526815 0.348368236211496 -0.15376678740024233 -0.0365893405194544 0.23073132959402476 -0.2929875958892273 0.7065197747166896 -0.09153625205743945 1.0 -0.23804632029874007 0 0 1 0 0
-0.7346947038274934 -0.2533803029674654 -0.4426643381492096 -0.6626902892638402 -0.11121539523900249 -0.2728712546958642 0.0449433653084598 0.29234382809999454 -0.013529489876737714 0.8960455432407284 -0.28640281407432094 0.7212695058483417 -0.20843900716072575 0.1563695890108899 0.10303955510269192 -0.292362206424263 0.6489628279163314 -0.1754164960538702 1.0 -0.40930791679465583 0 0 1 0 0
-0.709059764601613 -0.2985566023729353 -0.3360743291808929 -0.6128664441387491 -0.021506985738896207 -0.2201394927212876 0.11600357003364849 0.34930515169421206 -0.021506985738895094 0.8800835255795512 -0.37510555772543575 0.7033580841227377 -0.2576011735958293 0.15326379516542163 0.017781744481831643 -0.27875735214161906 0.587069482066082 -0.25926787215220853 1.0 -0.4164227930351155 0 0 1 0 0
-0.7480859347346681 -0.23985578610866068 -0.3822460561477329 -0.5856238927007398 0.06518033404134937 -0.21969981592494806 0.2888285579547527 0.3700671434190484 0.14650696091894985 1.0 -0.3414528003466599 0.8175204062245344 -0.3012690571155561 0.18710900499874786 -0.016419655824062167 -0.3211824129862623 0.43084270515566775 -0.40250903986386394 0.8581149460979641 -0.605825607057868 0 0 1 0 0
-0.8485546629720945 -0.3218468068242151 -0.3892450505002766 -0.5325760079121334 0.03239042498905597 -0.18803252272022972 0.28172014286310393 0.4056479337197647 0.18605364144134764 0.9999999999999999 -0.21636705970833944 0.8855223922364748 -0.21636705970833944 0.2147621870579305 -0.005637858620421106 -0.3216963593377251 0.45367173707812564 -0.37931840712092013 0.7223357451378423 -0.7624624090989535 0 0 1 0 0
-0.9750714636117842 0.05993992130081649 -0.6400146974633575 -0.25716701260516106 -0.1462468315604105 -0.09908652824153565 0.1531505694499726 0.3593373223111996 0.10063710139106252 0.8707125460949134 -0.216435706649905 0.50115347875366 -0.1292466828459961 -0.027598493971162107 0.153424475610851 -0.38092424468395725 0.6998032356795663 -0.3632896780445658 1.0 -0.6630773109142116 0 0 1 0 0
-0.676080649624287 -0.6947027260359924 -0.1188187158337011 -0.6326705713561156 0.1510147461074101 -0.13685621106258172 0.08898259142753283 0.44242190193163544 -0.13762580718469697 1.0 -0.40727464601148433 0.7118293176435211 -0.2832103366517309 0.15332172038101433 0.04762782164094796 -0.21900122048132395 0.502016548543941 -0.1777681037036816 0.8333684475860603 -0.44657410731648317 0 0 1 0 0
-1.0 -0.45855296249156835 -0.516254014463555 -0.6198413123167049 -0.032750426777237905 -0.27422341983426873 0.2211832201046056 0.2782607251456536 0.17537098526407863 0.9466896494465397 -0.14702411552522837 0.9239186074381738 -0.19355825087431705 0.25643468235260847 0.05989487027946899 -0.22799788340878524 0.5437599197548787 -0.2739703525114364 0.8893778122373143 -0.5507177338202178 0 0 1 0 0
-0.8893604562109578 -0.24991293984988924 -0.5550645669249737 -0.5254446730473206 -0.12203427681102214 -0.1908704255932968 0.07500060998005185 0.359978933379759 -0.08244609470419463 0.8718586387605619 -0.3382969898160952 0.5177131798246086 -0.12180777087525625 0.026148089545038344 0.28986044047433956 -0.1720042817310416 0.7441491048880994 -0.13170268632663487 1.0 -0.5057638349617898 0 0 1 0 0
-0.9134616375541142 -0.2193455430098423 -0.5383569629037497 -0.42569924902058065 -0.23812223606442684 -0.08816126419024636 -0.05052795787284701 0.3422018561751831 -0.06928738569200499 0.7935491920782008 -0.23812223606442684 0.4560777521874874 -0.08851104475234212 0.024527018639211487 0.3807284963441853 -0.06927012045657843 0.7556609645597178 -0.27562382646731676 1.0 -0.538255815935528 0 0 1 0 0
-1.0 -0.4386251954933967 -0.4497590310031122 -0.5657573639558263 -0.00433980292182165 -0.22694670393353433 0.1653782109056061 0.3450489933211147 -0.04650873653177782 0.8536144585950499 -0.38552785243159016 0.49422408140224483 -0.11007482076299263 0.07030043907523238 0.31369907411177156 -0.12094997121297893 0.7160939054161566 0.04890515243922809 0.8010390532177529 -0.4598138902371349 0 0 1 0 0
-0.9649615180572652 -0.6935280783284009 -0.2402614347086715 -0.7216100978222969 0.16421163620647045 -0.2370481128858557 0.244866861511023 0.46228679649778737 0.002901185597365364 1.0 -0.37348986582387983 0.8125146107689559 -0.4012485581133688 0.1130241747171245 0.002844966305576882 -0.29025195180563823 0.5943728378307507 -0.07448016403147836 0.9707638892519959 -0.3709071771101908 0 0 1 0 0
-0.7952808578250317 -0.28114425055176945 -0.3331616305777821 -0.2989379206983218 -0.012359371376728096 0.056930592913472675 0.1477836599422431 0.5898371819507844 0.041140842492770946 1.0 -0.15470873254914694 0.48470922577602316 -0.17250240269569928 -0.013839752749169192 0.005038503914673095 -0.459080952017293 0.4856942034565721 -0.44145647114090586 0.7883557852181279 -0.6370176534828166 0 0 1 0 0
-0.8142121813448929 -0.33395005734097083 -0.2993465667251168 -0.35456610485625367 0.09289390932755351 0.057116343069601894 0.1135099568428364 0.5730115346365958 -0.1338826133405581 0.9443890833402181 -0.40189123103923546 0.4702651624541735 -0.21649711897748267 -0.04517507655121751 0.051398109788038306 -0.45764634243266805 0.6080277354688566 -0.3339500573409702 1.0 -0.5194944849785167 0 0 1 0 0
-0.6655703013639735 -0.08620630637958175 -0.2969786908597278 -0.3928692520372212 0.030658296255157293 -0.06594253940854461 0.010180984560476973 0.548252495629561 -0.173206034130121 1.0 -0.37888793763845025 0.5282400132282759 -0.15363750899696557 0.05779735441969279 0.09209023133919825 -0.41380295334658657 0.5832136383186294 -0.4749431548856113 0.9521373225157717 -0.7005256572199913 0 0 1 0 0
-0.8725186966054844 -0.2934631540752099 -0.35160413333740814 -0.3127674705350602 -0.00428382028431881 -0.0038984071774545684 0.13130575930673402 0.516709978678952 -0.19514867219043408 0.7682742512165596 -0.46712805094862697 0.3634984985345793 -0.21654064141008228 -0.06144265211749628 0.2465018190351803 -0.27415883761535953 0.7294164364344361 -0.25485452115550916 1.0 -0.44789768575401273 0 0 1 0 0
