1.9987378986440203 1.9247423839803792 -2.701407774207268 -0.43611538039426934
0.5882747451816901 -1.0549572382969634 1.5616110034948698 -1.012584970884987
-1.2042147154128227 0.8243436565835056 -2.702990174847252 0.5140526435343554
-0.858555511117055 -0.5651580249549091 2.25011506118588 0.5754887589429517
-3.4839008478390103 2.854547827231528 3.115405346593381 0.19788190254373786
3.2362007653062212 -2.4319000719046717 0.3986935568806351 0.9670265826624186
1.804660530179916 -1.1775342212968307 -3.0925308827843514 -2.0481612381340946
1.4034617937704217 -1.599327597740245 -0.9824180275335122 -1.5545115345030656
0.5254338539129322 -2.1139118774563914 1.2993663040309025 0.46472176127238696
-3.428367148436267 1.4183461465701692 3.5445001940567065 0.46532860935128123
